{
 "cells": [
  {
   "cell_type": "code",
   "execution_count": 1,
   "id": "7724dec2",
   "metadata": {},
   "outputs": [],
   "source": [
    "%load_ext sql"
   ]
  },
  {
   "cell_type": "code",
   "execution_count": 252,
   "id": "dcde313a",
   "metadata": {},
   "outputs": [],
   "source": [
    "import pandas as pd\n",
    "import numpy as np\n",
    "import sqlite3\n",
    "import matplotlib.pyplot as plt\n",
    "import seaborn as sns"
   ]
  },
  {
   "cell_type": "code",
   "execution_count": 3,
   "id": "0aee39aa",
   "metadata": {},
   "outputs": [],
   "source": [
    "con = sqlite3.connect(\"capital.db\")\n",
    "cur = con.cursor()"
   ]
  },
  {
   "cell_type": "code",
   "execution_count": 4,
   "id": "4b62d215",
   "metadata": {},
   "outputs": [],
   "source": [
    "%sql sqlite:///capital.db"
   ]
  },
  {
   "cell_type": "code",
   "execution_count": 5,
   "id": "630ef448",
   "metadata": {},
   "outputs": [],
   "source": [
    "df = pd.read_excel('capitalsql.xls')\n",
    "df.to_sql(\"capital\", con, if_exists='replace', index=False,method=\"multi\")"
   ]
  },
  {
   "cell_type": "markdown",
   "id": "48efce53",
   "metadata": {},
   "source": [
    "### Variables\n",
    "#### Variables represent percentiles of the fixed capital investment.\n",
    "AGR; Agriculture <br>\n",
    "MIN; Mining <br>\n",
    "MAN; Manufactur <br>\n",
    "ENE; Energy <br>\n",
    "TRCOM; Transportation and Communication <br>\n",
    "TOU; Tourism <br>\n",
    "HOU; Housing <br>\n",
    "EDU; Education <br>\n",
    "HEA; Health <br>\n",
    "OTSER; Other Services <br>"
   ]
  },
  {
   "cell_type": "code",
   "execution_count": 6,
   "id": "a398e06b",
   "metadata": {},
   "outputs": [
    {
     "name": "stdout",
     "output_type": "stream",
     "text": [
      " * sqlite:///capital.db\n",
      "Done.\n"
     ]
    },
    {
     "data": {
      "text/html": [
       "<table>\n",
       "    <thead>\n",
       "        <tr>\n",
       "            <th>YILLAR</th>\n",
       "            <th>AGR</th>\n",
       "            <th>MIN</th>\n",
       "            <th>MAN</th>\n",
       "            <th>ENE</th>\n",
       "            <th>TRCOM</th>\n",
       "            <th>TOU</th>\n",
       "            <th>HOU</th>\n",
       "            <th>EDU</th>\n",
       "            <th>HEA</th>\n",
       "            <th>OTSER</th>\n",
       "        </tr>\n",
       "    </thead>\n",
       "    <tbody>\n",
       "        <tr>\n",
       "            <td>1963</td>\n",
       "            <td>12.26943221910975</td>\n",
       "            <td>2.5762733683787955</td>\n",
       "            <td>38.48863139880533</td>\n",
       "            <td>2.9660573556531054</td>\n",
       "            <td>10.463996486723023</td>\n",
       "            <td>0.3799991204830147</td>\n",
       "            <td>19.79365441912389</td>\n",
       "            <td>4.149977664878731</td>\n",
       "            <td>0.8551315304430859</td>\n",
       "            <td>8.05684643640127</td>\n",
       "        </tr>\n",
       "        <tr>\n",
       "            <td>1964</td>\n",
       "            <td>14.092554274900992</td>\n",
       "            <td>2.902347608459378</td>\n",
       "            <td>31.470335564992812</td>\n",
       "            <td>4.243529523338618</td>\n",
       "            <td>10.707023812728655</td>\n",
       "            <td>0.4317930212630742</td>\n",
       "            <td>21.738135780187957</td>\n",
       "            <td>5.514150893473336</td>\n",
       "            <td>1.2791860631819463</td>\n",
       "            <td>7.620943457473231</td>\n",
       "        </tr>\n",
       "        <tr>\n",
       "            <td>1965</td>\n",
       "            <td>13.975944514866862</td>\n",
       "            <td>3.917116083692296</td>\n",
       "            <td>26.23122275130003</td>\n",
       "            <td>4.178061407777427</td>\n",
       "            <td>11.032498397002502</td>\n",
       "            <td>0.48142356296326083</td>\n",
       "            <td>26.858281040018483</td>\n",
       "            <td>4.542882469029041</td>\n",
       "            <td>1.3551688084365874</td>\n",
       "            <td>7.427400964913508</td>\n",
       "        </tr>\n",
       "        <tr>\n",
       "            <td>1966</td>\n",
       "            <td>12.111030763934693</td>\n",
       "            <td>4.027287268990888</td>\n",
       "            <td>27.052052827339118</td>\n",
       "            <td>4.398891295783151</td>\n",
       "            <td>12.923944062304416</td>\n",
       "            <td>0.5302173980818677</td>\n",
       "            <td>25.581645697453915</td>\n",
       "            <td>4.309014448030026</td>\n",
       "            <td>1.3255781363850014</td>\n",
       "            <td>7.740338101696923</td>\n",
       "        </tr>\n",
       "        <tr>\n",
       "            <td>1967</td>\n",
       "            <td>13.55089754416402</td>\n",
       "            <td>2.7367122017197594</td>\n",
       "            <td>29.405157125013435</td>\n",
       "            <td>4.453466998849106</td>\n",
       "            <td>12.154673684239066</td>\n",
       "            <td>0.4458225249066985</td>\n",
       "            <td>24.6806096078782</td>\n",
       "            <td>4.046776466547852</td>\n",
       "            <td>1.2152477554226047</td>\n",
       "            <td>7.3106360912592585</td>\n",
       "        </tr>\n",
       "        <tr>\n",
       "            <td>1968</td>\n",
       "            <td>13.158789033087464</td>\n",
       "            <td>2.106255680186099</td>\n",
       "            <td>30.479654414571083</td>\n",
       "            <td>5.098279276265049</td>\n",
       "            <td>12.084148307277662</td>\n",
       "            <td>0.7164836276227594</td>\n",
       "            <td>23.57943650458317</td>\n",
       "            <td>4.293319408820025</td>\n",
       "            <td>1.1820547995448591</td>\n",
       "            <td>7.301578948041829</td>\n",
       "        </tr>\n",
       "        <tr>\n",
       "            <td>1969</td>\n",
       "            <td>11.429498161984586</td>\n",
       "            <td>1.974218801942155</td>\n",
       "            <td>31.05433018326024</td>\n",
       "            <td>5.347694686218321</td>\n",
       "            <td>12.257117781613964</td>\n",
       "            <td>0.6322073914418909</td>\n",
       "            <td>25.425642026639434</td>\n",
       "            <td>3.355396803380728</td>\n",
       "            <td>1.1181261782072713</td>\n",
       "            <td>7.405767985311408</td>\n",
       "        </tr>\n",
       "        <tr>\n",
       "            <td>1970</td>\n",
       "            <td>9.472652099293576</td>\n",
       "            <td>2.1765811039917513</td>\n",
       "            <td>32.7469267769761</td>\n",
       "            <td>5.774209387070856</td>\n",
       "            <td>11.841936000384468</td>\n",
       "            <td>0.6162311374613152</td>\n",
       "            <td>26.822618983192122</td>\n",
       "            <td>2.8801813119395856</td>\n",
       "            <td>0.94643500858197</td>\n",
       "            <td>6.722228191108253</td>\n",
       "        </tr>\n",
       "        <tr>\n",
       "            <td>1971</td>\n",
       "            <td>9.110033609504589</td>\n",
       "            <td>2.211158733966857</td>\n",
       "            <td>35.280550654344545</td>\n",
       "            <td>4.573273345008729</td>\n",
       "            <td>12.636810662674698</td>\n",
       "            <td>0.6499479085968488</td>\n",
       "            <td>24.666217844804656</td>\n",
       "            <td>2.884004694996653</td>\n",
       "            <td>0.9073087883977173</td>\n",
       "            <td>7.080693757704704</td>\n",
       "        </tr>\n",
       "        <tr>\n",
       "            <td>1972</td>\n",
       "            <td>9.300857827719888</td>\n",
       "            <td>2.050165902152836</td>\n",
       "            <td>37.8764374763341</td>\n",
       "            <td>3.9475754944490884</td>\n",
       "            <td>12.867611397395192</td>\n",
       "            <td>0.5108857779876391</td>\n",
       "            <td>24.326957532972553</td>\n",
       "            <td>2.0457527536410454</td>\n",
       "            <td>0.8303806832608424</td>\n",
       "            <td>6.243375154086821</td>\n",
       "        </tr>\n",
       "        <tr>\n",
       "            <td>1973</td>\n",
       "            <td>9.200439583526002</td>\n",
       "            <td>2.2487227934961007</td>\n",
       "            <td>35.02238326575901</td>\n",
       "            <td>3.97176356413238</td>\n",
       "            <td>14.133722048099479</td>\n",
       "            <td>0.6095303274526395</td>\n",
       "            <td>25.225601470097285</td>\n",
       "            <td>2.253011060143024</td>\n",
       "            <td>0.685065152662186</td>\n",
       "            <td>6.649760734631893</td>\n",
       "        </tr>\n",
       "        <tr>\n",
       "            <td>1974</td>\n",
       "            <td>8.586687798528052</td>\n",
       "            <td>2.4937068888501077</td>\n",
       "            <td>36.7100341512614</td>\n",
       "            <td>4.450377060955084</td>\n",
       "            <td>16.367973200339915</td>\n",
       "            <td>0.5142202635295775</td>\n",
       "            <td>20.305822241626107</td>\n",
       "            <td>2.4452413840989013</td>\n",
       "            <td>0.83529177239441</td>\n",
       "            <td>7.290645238416445</td>\n",
       "        </tr>\n",
       "        <tr>\n",
       "            <td>1975</td>\n",
       "            <td>9.21955</td>\n",
       "            <td>2.16632</td>\n",
       "            <td>38.60928</td>\n",
       "            <td>3.77331</td>\n",
       "            <td>15.04996</td>\n",
       "            <td>0.43335</td>\n",
       "            <td>21.12086</td>\n",
       "            <td>2.0886</td>\n",
       "            <td>0.71962</td>\n",
       "            <td>6.81916</td>\n",
       "        </tr>\n",
       "        <tr>\n",
       "            <td>1976</td>\n",
       "            <td>10.82992</td>\n",
       "            <td>2.47014</td>\n",
       "            <td>35.10992</td>\n",
       "            <td>4.35683</td>\n",
       "            <td>15.14761</td>\n",
       "            <td>0.44705</td>\n",
       "            <td>22.2495</td>\n",
       "            <td>1.98082</td>\n",
       "            <td>0.75855</td>\n",
       "            <td>6.64965</td>\n",
       "        </tr>\n",
       "        <tr>\n",
       "            <td>1977</td>\n",
       "            <td>10.20888</td>\n",
       "            <td>2.45752</td>\n",
       "            <td>33.68451</td>\n",
       "            <td>4.48701</td>\n",
       "            <td>15.5783</td>\n",
       "            <td>0.54288</td>\n",
       "            <td>23.17626</td>\n",
       "            <td>1.66313</td>\n",
       "            <td>0.64392</td>\n",
       "            <td>7.55759</td>\n",
       "        </tr>\n",
       "        <tr>\n",
       "            <td>1978</td>\n",
       "            <td>7.88174</td>\n",
       "            <td>2.7707</td>\n",
       "            <td>32.03877</td>\n",
       "            <td>5.10798</td>\n",
       "            <td>14.41839</td>\n",
       "            <td>0.58885</td>\n",
       "            <td>27.69452</td>\n",
       "            <td>1.60929</td>\n",
       "            <td>0.76455</td>\n",
       "            <td>7.1252</td>\n",
       "        </tr>\n",
       "        <tr>\n",
       "            <td>1979</td>\n",
       "            <td>6.06983</td>\n",
       "            <td>2.88397</td>\n",
       "            <td>27.32186</td>\n",
       "            <td>6.99785</td>\n",
       "            <td>15.02853</td>\n",
       "            <td>0.5811</td>\n",
       "            <td>32.56938</td>\n",
       "            <td>1.31428</td>\n",
       "            <td>0.67413</td>\n",
       "            <td>6.55907</td>\n",
       "        </tr>\n",
       "        <tr>\n",
       "            <td>1980</td>\n",
       "            <td>7.56686</td>\n",
       "            <td>2.78054</td>\n",
       "            <td>28.78489</td>\n",
       "            <td>7.13058</td>\n",
       "            <td>13.31304</td>\n",
       "            <td>0.57952</td>\n",
       "            <td>31.03547</td>\n",
       "            <td>1.49248</td>\n",
       "            <td>0.70535</td>\n",
       "            <td>6.61126</td>\n",
       "        </tr>\n",
       "        <tr>\n",
       "            <td>1981</td>\n",
       "            <td>10.58733</td>\n",
       "            <td>3.82652</td>\n",
       "            <td>29.77751</td>\n",
       "            <td>8.15445</td>\n",
       "            <td>16.87423</td>\n",
       "            <td>0.61146</td>\n",
       "            <td>20.27257</td>\n",
       "            <td>1.67553</td>\n",
       "            <td>0.87036</td>\n",
       "            <td>7.35003</td>\n",
       "        </tr>\n",
       "        <tr>\n",
       "            <td>1982</td>\n",
       "            <td>10.91525</td>\n",
       "            <td>3.28705</td>\n",
       "            <td>28.62379</td>\n",
       "            <td>8.64599</td>\n",
       "            <td>17.95213</td>\n",
       "            <td>0.58422</td>\n",
       "            <td>20.03837</td>\n",
       "            <td>1.70831</td>\n",
       "            <td>0.81509</td>\n",
       "            <td>7.4298</td>\n",
       "        </tr>\n",
       "        <tr>\n",
       "            <td>1983</td>\n",
       "            <td>10.83821</td>\n",
       "            <td>3.73176</td>\n",
       "            <td>27.07851</td>\n",
       "            <td>8.95841</td>\n",
       "            <td>19.1689</td>\n",
       "            <td>0.62717</td>\n",
       "            <td>19.81441</td>\n",
       "            <td>1.7228</td>\n",
       "            <td>0.70362</td>\n",
       "            <td>7.35621</td>\n",
       "        </tr>\n",
       "        <tr>\n",
       "            <td>1984</td>\n",
       "            <td>9.94342</td>\n",
       "            <td>3.7248</td>\n",
       "            <td>26.63174</td>\n",
       "            <td>8.23825</td>\n",
       "            <td>19.74041</td>\n",
       "            <td>1.02262</td>\n",
       "            <td>20.96375</td>\n",
       "            <td>1.41216</td>\n",
       "            <td>0.65872</td>\n",
       "            <td>7.66413</td>\n",
       "        </tr>\n",
       "        <tr>\n",
       "            <td>1985</td>\n",
       "            <td>7.42844</td>\n",
       "            <td>4.29145</td>\n",
       "            <td>25.0421</td>\n",
       "            <td>8.06004</td>\n",
       "            <td>20.92156</td>\n",
       "            <td>1.48615</td>\n",
       "            <td>21.78459</td>\n",
       "            <td>1.80919</td>\n",
       "            <td>0.74954</td>\n",
       "            <td>8.42694</td>\n",
       "        </tr>\n",
       "        <tr>\n",
       "            <td>1986</td>\n",
       "            <td>6.08049</td>\n",
       "            <td>3.09857</td>\n",
       "            <td>24.10049</td>\n",
       "            <td>9.05827</td>\n",
       "            <td>19.25129</td>\n",
       "            <td>2.24641</td>\n",
       "            <td>24.75118</td>\n",
       "            <td>1.67256</td>\n",
       "            <td>0.8273</td>\n",
       "            <td>8.91343</td>\n",
       "        </tr>\n",
       "        <tr>\n",
       "            <td>1987</td>\n",
       "            <td>6.68811</td>\n",
       "            <td>2.19844</td>\n",
       "            <td>19.12286</td>\n",
       "            <td>7.91786</td>\n",
       "            <td>18.89735</td>\n",
       "            <td>2.6331</td>\n",
       "            <td>31.38105</td>\n",
       "            <td>1.94896</td>\n",
       "            <td>0.90791</td>\n",
       "            <td>8.30438</td>\n",
       "        </tr>\n",
       "        <tr>\n",
       "            <td>1988</td>\n",
       "            <td>5.65381</td>\n",
       "            <td>2.16933</td>\n",
       "            <td>17.15207</td>\n",
       "            <td>8.43399</td>\n",
       "            <td>14.72448</td>\n",
       "            <td>3.29887</td>\n",
       "            <td>38.7485</td>\n",
       "            <td>1.9189</td>\n",
       "            <td>0.82285</td>\n",
       "            <td>7.07722</td>\n",
       "        </tr>\n",
       "        <tr>\n",
       "            <td>1989</td>\n",
       "            <td>4.96399</td>\n",
       "            <td>1.77596</td>\n",
       "            <td>15.55852</td>\n",
       "            <td>9.37899</td>\n",
       "            <td>14.36143</td>\n",
       "            <td>4.20152</td>\n",
       "            <td>40.10149</td>\n",
       "            <td>2.1542</td>\n",
       "            <td>1.08614</td>\n",
       "            <td>6.41776</td>\n",
       "        </tr>\n",
       "        <tr>\n",
       "            <td>1990</td>\n",
       "            <td>5.05851</td>\n",
       "            <td>1.67337</td>\n",
       "            <td>20.85224</td>\n",
       "            <td>6.35445</td>\n",
       "            <td>16.49487</td>\n",
       "            <td>4.04247</td>\n",
       "            <td>35.64617</td>\n",
       "            <td>2.2404</td>\n",
       "            <td>1.40122</td>\n",
       "            <td>6.23632</td>\n",
       "        </tr>\n",
       "        <tr>\n",
       "            <td>1991</td>\n",
       "            <td>5.21628</td>\n",
       "            <td>1.7424</td>\n",
       "            <td>20.17498</td>\n",
       "            <td>5.71753</td>\n",
       "            <td>17.35072</td>\n",
       "            <td>3.89054</td>\n",
       "            <td>35.13643</td>\n",
       "            <td>2.42107</td>\n",
       "            <td>1.67885</td>\n",
       "            <td>6.67121</td>\n",
       "        </tr>\n",
       "        <tr>\n",
       "            <td>1992</td>\n",
       "            <td>4.5419</td>\n",
       "            <td>1.5862</td>\n",
       "            <td>19.53908</td>\n",
       "            <td>4.39252</td>\n",
       "            <td>20.18713</td>\n",
       "            <td>3.03667</td>\n",
       "            <td>34.96774</td>\n",
       "            <td>2.7471</td>\n",
       "            <td>1.85445</td>\n",
       "            <td>7.14723</td>\n",
       "        </tr>\n",
       "        <tr>\n",
       "            <td>1993</td>\n",
       "            <td>4.68394</td>\n",
       "            <td>1.26738</td>\n",
       "            <td>19.09006</td>\n",
       "            <td>3.21774</td>\n",
       "            <td>24.0449</td>\n",
       "            <td>2.22183</td>\n",
       "            <td>34.93632</td>\n",
       "            <td>2.63347</td>\n",
       "            <td>1.87518</td>\n",
       "            <td>6.02918</td>\n",
       "        </tr>\n",
       "        <tr>\n",
       "            <td>1994</td>\n",
       "            <td>3.79069</td>\n",
       "            <td>1.43596</td>\n",
       "            <td>20.4271</td>\n",
       "            <td>2.6661</td>\n",
       "            <td>15.84063</td>\n",
       "            <td>2.23389</td>\n",
       "            <td>43.40019</td>\n",
       "            <td>1.85635</td>\n",
       "            <td>2.05941</td>\n",
       "            <td>6.28967</td>\n",
       "        </tr>\n",
       "        <tr>\n",
       "            <td>1995</td>\n",
       "            <td>5.15939</td>\n",
       "            <td>1.26848</td>\n",
       "            <td>23.35568</td>\n",
       "            <td>2.48882</td>\n",
       "            <td>18.32305</td>\n",
       "            <td>2.40362</td>\n",
       "            <td>37.23635</td>\n",
       "            <td>1.72258</td>\n",
       "            <td>1.70164</td>\n",
       "            <td>6.3404</td>\n",
       "        </tr>\n",
       "        <tr>\n",
       "            <td>1996</td>\n",
       "            <td>5.57432</td>\n",
       "            <td>1.14462</td>\n",
       "            <td>22.57209</td>\n",
       "            <td>4.51174</td>\n",
       "            <td>20.17103</td>\n",
       "            <td>2.13522</td>\n",
       "            <td>32.70849</td>\n",
       "            <td>2.41135</td>\n",
       "            <td>2.18248</td>\n",
       "            <td>6.58866</td>\n",
       "        </tr>\n",
       "        <tr>\n",
       "            <td>1997</td>\n",
       "            <td>5.51238</td>\n",
       "            <td>1.18473</td>\n",
       "            <td>19.20099</td>\n",
       "            <td>7.47268</td>\n",
       "            <td>23.97367</td>\n",
       "            <td>2.17101</td>\n",
       "            <td>27.48778</td>\n",
       "            <td>3.13204</td>\n",
       "            <td>3.26769</td>\n",
       "            <td>6.59703</td>\n",
       "        </tr>\n",
       "        <tr>\n",
       "            <td>1998</td>\n",
       "            <td>5.489971695546083</td>\n",
       "            <td>1.4176874827397201</td>\n",
       "            <td>19.107979846724774</td>\n",
       "            <td>7.680053564135482</td>\n",
       "            <td>23.464464281865485</td>\n",
       "            <td>3.0320848966940375</td>\n",
       "            <td>25.59428863901231</td>\n",
       "            <td>2.901033432519241</td>\n",
       "            <td>3.8335426015044396</td>\n",
       "            <td>7.478893559258444</td>\n",
       "        </tr>\n",
       "        <tr>\n",
       "            <td>1999</td>\n",
       "            <td>4.35967901387723</td>\n",
       "            <td>1.6240345770710245</td>\n",
       "            <td>18.861261040596624</td>\n",
       "            <td>7.345850340920008</td>\n",
       "            <td>24.89472879406198</td>\n",
       "            <td>4.1761584460481425</td>\n",
       "            <td>22.674398973036052</td>\n",
       "            <td>4.37405791819012</td>\n",
       "            <td>3.3701642008371433</td>\n",
       "            <td>8.319666695361692</td>\n",
       "        </tr>\n",
       "        <tr>\n",
       "            <td>2000</td>\n",
       "            <td>4.534202223774129</td>\n",
       "            <td>1.1043161285976688</td>\n",
       "            <td>20.198275051399346</td>\n",
       "            <td>6.559051721751971</td>\n",
       "            <td>29.436017551484518</td>\n",
       "            <td>3.627038708484296</td>\n",
       "            <td>18.15929336385898</td>\n",
       "            <td>4.339257445930418</td>\n",
       "            <td>3.7970968497268305</td>\n",
       "            <td>8.245450954991835</td>\n",
       "        </tr>\n",
       "        <tr>\n",
       "            <td>2001</td>\n",
       "            <td>4.363511969708329</td>\n",
       "            <td>1.5045724512460057</td>\n",
       "            <td>18.53065938216303</td>\n",
       "            <td>11.131676798554722</td>\n",
       "            <td>25.319393660629668</td>\n",
       "            <td>4.468997960423915</td>\n",
       "            <td>15.162111222097288</td>\n",
       "            <td>4.838209170451777</td>\n",
       "            <td>4.146188305072177</td>\n",
       "            <td>10.53467907965309</td>\n",
       "        </tr>\n",
       "        <tr>\n",
       "            <td>2002</td>\n",
       "            <td>4.027138879185666</td>\n",
       "            <td>1.4481875620278362</td>\n",
       "            <td>24.27382111802317</td>\n",
       "            <td>8.925852483120607</td>\n",
       "            <td>19.83237293122308</td>\n",
       "            <td>4.877034199340802</td>\n",
       "            <td>16.769011394011706</td>\n",
       "            <td>4.613410846301631</td>\n",
       "            <td>4.197117621158919</td>\n",
       "            <td>11.036052965606592</td>\n",
       "        </tr>\n",
       "        <tr>\n",
       "            <td>2003</td>\n",
       "            <td>3.6247755723546113</td>\n",
       "            <td>1.7910591836986394</td>\n",
       "            <td>28.93509909096438</td>\n",
       "            <td>5.808389837127305</td>\n",
       "            <td>18.326370645118338</td>\n",
       "            <td>6.060348730864695</td>\n",
       "            <td>17.187325381774965</td>\n",
       "            <td>4.268324052677668</td>\n",
       "            <td>4.002395782118335</td>\n",
       "            <td>9.995911723301049</td>\n",
       "        </tr>\n",
       "        <tr>\n",
       "            <td>2004</td>\n",
       "            <td>4.735279033455822</td>\n",
       "            <td>1.804466605506814</td>\n",
       "            <td>33.22222879799136</td>\n",
       "            <td>3.426321208330914</td>\n",
       "            <td>21.25072474265798</td>\n",
       "            <td>5.990127091008015</td>\n",
       "            <td>15.264263256836605</td>\n",
       "            <td>3.0879469850351806</td>\n",
       "            <td>3.900214715626648</td>\n",
       "            <td>7.318427563550663</td>\n",
       "        </tr>\n",
       "        <tr>\n",
       "            <td>2005</td>\n",
       "            <td>4.048550068496872</td>\n",
       "            <td>1.748049852408878</td>\n",
       "            <td>34.074253838217125</td>\n",
       "            <td>3.9499416778743393</td>\n",
       "            <td>21.293238018792515</td>\n",
       "            <td>6.173362710855264</td>\n",
       "            <td>13.097697871254105</td>\n",
       "            <td>2.9322699631351345</td>\n",
       "            <td>4.811671333573754</td>\n",
       "            <td>7.870964665392018</td>\n",
       "        </tr>\n",
       "        <tr>\n",
       "            <td>2006</td>\n",
       "            <td>3.808581426007926</td>\n",
       "            <td>1.6572020729453665</td>\n",
       "            <td>35.20404577619015</td>\n",
       "            <td>4.015076325211372</td>\n",
       "            <td>19.480570196345077</td>\n",
       "            <td>5.696308183441804</td>\n",
       "            <td>14.730215938059004</td>\n",
       "            <td>2.7310986788858047</td>\n",
       "            <td>4.721225407895634</td>\n",
       "            <td>7.955675995017876</td>\n",
       "        </tr>\n",
       "        <tr>\n",
       "            <td>2007</td>\n",
       "            <td>3.470856368305157</td>\n",
       "            <td>1.5880717166860767</td>\n",
       "            <td>33.95733725446447</td>\n",
       "            <td>4.513531326087182</td>\n",
       "            <td>18.492117147980117</td>\n",
       "            <td>4.232952384769954</td>\n",
       "            <td>17.158590075819998</td>\n",
       "            <td>3.02424502581625</td>\n",
       "            <td>5.014390730452146</td>\n",
       "            <td>8.547907969618635</td>\n",
       "        </tr>\n",
       "        <tr>\n",
       "            <td>2008</td>\n",
       "            <td>3.0329990044538357</td>\n",
       "            <td>1.5307767300424828</td>\n",
       "            <td>31.952801494331318</td>\n",
       "            <td>4.9560156948140675</td>\n",
       "            <td>21.6383688237897</td>\n",
       "            <td>4.677332603282252</td>\n",
       "            <td>15.393710566449343</td>\n",
       "            <td>3.016918625770662</td>\n",
       "            <td>5.030508636439927</td>\n",
       "            <td>8.770567820626427</td>\n",
       "        </tr>\n",
       "        <tr>\n",
       "            <td>2009</td>\n",
       "            <td>3.880929870586552</td>\n",
       "            <td>1.8046302475460245</td>\n",
       "            <td>27.96793560429534</td>\n",
       "            <td>6.941952459640537</td>\n",
       "            <td>22.14019157114428</td>\n",
       "            <td>5.159104666197806</td>\n",
       "            <td>13.486376632797068</td>\n",
       "            <td>3.5682538685999527</td>\n",
       "            <td>5.318249049662138</td>\n",
       "            <td>9.732376029530297</td>\n",
       "        </tr>\n",
       "        <tr>\n",
       "            <td>2010</td>\n",
       "            <td>3.542860620693856</td>\n",
       "            <td>1.940226649831403</td>\n",
       "            <td>28.147538805602373</td>\n",
       "            <td>5.41916022333368</td>\n",
       "            <td>24.002670137051187</td>\n",
       "            <td>6.4941867009661856</td>\n",
       "            <td>12.774238406678096</td>\n",
       "            <td>3.3536915299479784</td>\n",
       "            <td>6.311693438222312</td>\n",
       "            <td>8.013733487672939</td>\n",
       "        </tr>\n",
       "        <tr>\n",
       "            <td>2011</td>\n",
       "            <td>4.0192647457974235</td>\n",
       "            <td>2.3750391053402065</td>\n",
       "            <td>33.20056918746702</td>\n",
       "            <td>3.7201091294265236</td>\n",
       "            <td>21.756273129993613</td>\n",
       "            <td>6.0366305754456375</td>\n",
       "            <td>12.406009883533919</td>\n",
       "            <td>3.8408923518459916</td>\n",
       "            <td>5.486066427472966</td>\n",
       "            <td>7.159145463676694</td>\n",
       "        </tr>\n",
       "        <tr>\n",
       "            <td>2012</td>\n",
       "            <td>3.7751876896509633</td>\n",
       "            <td>2.856456993774761</td>\n",
       "            <td>32.07992297021421</td>\n",
       "            <td>3.730475533169913</td>\n",
       "            <td>19.89624068960334</td>\n",
       "            <td>6.9113686593034895</td>\n",
       "            <td>13.17402635563739</td>\n",
       "            <td>5.286615528888716</td>\n",
       "            <td>4.617102568393169</td>\n",
       "            <td>7.672603011364044</td>\n",
       "        </tr>\n",
       "        <tr>\n",
       "            <td>2013</td>\n",
       "            <td>3.8629117560201194</td>\n",
       "            <td>2.7558868363032016</td>\n",
       "            <td>30.11811583863367</td>\n",
       "            <td>3.653421915603129</td>\n",
       "            <td>21.739004937131217</td>\n",
       "            <td>6.50728787256557</td>\n",
       "            <td>11.834145164667659</td>\n",
       "            <td>5.964089193337673</td>\n",
       "            <td>4.605658296145767</td>\n",
       "            <td>8.959478189591998</td>\n",
       "        </tr>\n",
       "        <tr>\n",
       "            <td>2014</td>\n",
       "            <td>3.395628055823458</td>\n",
       "            <td>2.8986045730902585</td>\n",
       "            <td>29.72979505301016</td>\n",
       "            <td>3.754330250316351</td>\n",
       "            <td>19.97419574389928</td>\n",
       "            <td>6.319230988981059</td>\n",
       "            <td>14.17582247515044</td>\n",
       "            <td>6.3317562344152964</td>\n",
       "            <td>4.875381682236505</td>\n",
       "            <td>8.545254943077204</td>\n",
       "        </tr>\n",
       "        <tr>\n",
       "            <td>2015</td>\n",
       "            <td>3.6657538289211367</td>\n",
       "            <td>2.895450877605495</td>\n",
       "            <td>29.565990046309658</td>\n",
       "            <td>3.2268953755279655</td>\n",
       "            <td>22.341757898785698</td>\n",
       "            <td>4.746973158923814</td>\n",
       "            <td>13.170357201219321</td>\n",
       "            <td>5.933106736950874</td>\n",
       "            <td>5.083602637408091</td>\n",
       "            <td>9.370112238347964</td>\n",
       "        </tr>\n",
       "    </tbody>\n",
       "</table>"
      ],
      "text/plain": [
       "[(1963, 12.26943221910975, 2.5762733683787955, 38.48863139880533, 2.9660573556531054, 10.463996486723023, 0.3799991204830147, 19.79365441912389, 4.149977664878731, 0.8551315304430859, 8.05684643640127),\n",
       " (1964, 14.092554274900992, 2.902347608459378, 31.470335564992812, 4.243529523338618, 10.707023812728655, 0.4317930212630742, 21.738135780187957, 5.514150893473336, 1.2791860631819463, 7.620943457473231),\n",
       " (1965, 13.975944514866862, 3.917116083692296, 26.23122275130003, 4.178061407777427, 11.032498397002502, 0.48142356296326083, 26.858281040018483, 4.542882469029041, 1.3551688084365874, 7.427400964913508),\n",
       " (1966, 12.111030763934693, 4.027287268990888, 27.052052827339118, 4.398891295783151, 12.923944062304416, 0.5302173980818677, 25.581645697453915, 4.309014448030026, 1.3255781363850014, 7.740338101696923),\n",
       " (1967, 13.55089754416402, 2.7367122017197594, 29.405157125013435, 4.453466998849106, 12.154673684239066, 0.4458225249066985, 24.6806096078782, 4.046776466547852, 1.2152477554226047, 7.3106360912592585),\n",
       " (1968, 13.158789033087464, 2.106255680186099, 30.479654414571083, 5.098279276265049, 12.084148307277662, 0.7164836276227594, 23.57943650458317, 4.293319408820025, 1.1820547995448591, 7.301578948041829),\n",
       " (1969, 11.429498161984586, 1.974218801942155, 31.05433018326024, 5.347694686218321, 12.257117781613964, 0.6322073914418909, 25.425642026639434, 3.355396803380728, 1.1181261782072713, 7.405767985311408),\n",
       " (1970, 9.472652099293576, 2.1765811039917513, 32.7469267769761, 5.774209387070856, 11.841936000384468, 0.6162311374613152, 26.822618983192122, 2.8801813119395856, 0.94643500858197, 6.722228191108253),\n",
       " (1971, 9.110033609504589, 2.211158733966857, 35.280550654344545, 4.573273345008729, 12.636810662674698, 0.6499479085968488, 24.666217844804656, 2.884004694996653, 0.9073087883977173, 7.080693757704704),\n",
       " (1972, 9.300857827719888, 2.050165902152836, 37.8764374763341, 3.9475754944490884, 12.867611397395192, 0.5108857779876391, 24.326957532972553, 2.0457527536410454, 0.8303806832608424, 6.243375154086821),\n",
       " (1973, 9.200439583526002, 2.2487227934961007, 35.02238326575901, 3.97176356413238, 14.133722048099479, 0.6095303274526395, 25.225601470097285, 2.253011060143024, 0.685065152662186, 6.649760734631893),\n",
       " (1974, 8.586687798528052, 2.4937068888501077, 36.7100341512614, 4.450377060955084, 16.367973200339915, 0.5142202635295775, 20.305822241626107, 2.4452413840989013, 0.83529177239441, 7.290645238416445),\n",
       " (1975, 9.21955, 2.16632, 38.60928, 3.77331, 15.04996, 0.43335, 21.12086, 2.0886, 0.71962, 6.81916),\n",
       " (1976, 10.82992, 2.47014, 35.10992, 4.35683, 15.14761, 0.44705, 22.2495, 1.98082, 0.75855, 6.64965),\n",
       " (1977, 10.20888, 2.45752, 33.68451, 4.48701, 15.5783, 0.54288, 23.17626, 1.66313, 0.64392, 7.55759),\n",
       " (1978, 7.88174, 2.7707, 32.03877, 5.10798, 14.41839, 0.58885, 27.69452, 1.60929, 0.76455, 7.1252),\n",
       " (1979, 6.06983, 2.88397, 27.32186, 6.99785, 15.02853, 0.5811, 32.56938, 1.31428, 0.67413, 6.55907),\n",
       " (1980, 7.56686, 2.78054, 28.78489, 7.13058, 13.31304, 0.57952, 31.03547, 1.49248, 0.70535, 6.61126),\n",
       " (1981, 10.58733, 3.82652, 29.77751, 8.15445, 16.87423, 0.61146, 20.27257, 1.67553, 0.87036, 7.35003),\n",
       " (1982, 10.91525, 3.28705, 28.62379, 8.64599, 17.95213, 0.58422, 20.03837, 1.70831, 0.81509, 7.4298),\n",
       " (1983, 10.83821, 3.73176, 27.07851, 8.95841, 19.1689, 0.62717, 19.81441, 1.7228, 0.70362, 7.35621),\n",
       " (1984, 9.94342, 3.7248, 26.63174, 8.23825, 19.74041, 1.02262, 20.96375, 1.41216, 0.65872, 7.66413),\n",
       " (1985, 7.42844, 4.29145, 25.0421, 8.06004, 20.92156, 1.48615, 21.78459, 1.80919, 0.74954, 8.42694),\n",
       " (1986, 6.08049, 3.09857, 24.10049, 9.05827, 19.25129, 2.24641, 24.75118, 1.67256, 0.8273, 8.91343),\n",
       " (1987, 6.68811, 2.19844, 19.12286, 7.91786, 18.89735, 2.6331, 31.38105, 1.94896, 0.90791, 8.30438),\n",
       " (1988, 5.65381, 2.16933, 17.15207, 8.43399, 14.72448, 3.29887, 38.7485, 1.9189, 0.82285, 7.07722),\n",
       " (1989, 4.96399, 1.77596, 15.55852, 9.37899, 14.36143, 4.20152, 40.10149, 2.1542, 1.08614, 6.41776),\n",
       " (1990, 5.05851, 1.67337, 20.85224, 6.35445, 16.49487, 4.04247, 35.64617, 2.2404, 1.40122, 6.23632),\n",
       " (1991, 5.21628, 1.7424, 20.17498, 5.71753, 17.35072, 3.89054, 35.13643, 2.42107, 1.67885, 6.67121),\n",
       " (1992, 4.5419, 1.5862, 19.53908, 4.39252, 20.18713, 3.03667, 34.96774, 2.7471, 1.85445, 7.14723),\n",
       " (1993, 4.68394, 1.26738, 19.09006, 3.21774, 24.0449, 2.22183, 34.93632, 2.63347, 1.87518, 6.02918),\n",
       " (1994, 3.79069, 1.43596, 20.4271, 2.6661, 15.84063, 2.23389, 43.40019, 1.85635, 2.05941, 6.28967),\n",
       " (1995, 5.15939, 1.26848, 23.35568, 2.48882, 18.32305, 2.40362, 37.23635, 1.72258, 1.70164, 6.3404),\n",
       " (1996, 5.57432, 1.14462, 22.57209, 4.51174, 20.17103, 2.13522, 32.70849, 2.41135, 2.18248, 6.58866),\n",
       " (1997, 5.51238, 1.18473, 19.20099, 7.47268, 23.97367, 2.17101, 27.48778, 3.13204, 3.26769, 6.59703),\n",
       " (1998, 5.489971695546083, 1.4176874827397201, 19.107979846724774, 7.680053564135482, 23.464464281865485, 3.0320848966940375, 25.59428863901231, 2.901033432519241, 3.8335426015044396, 7.478893559258444),\n",
       " (1999, 4.35967901387723, 1.6240345770710245, 18.861261040596624, 7.345850340920008, 24.89472879406198, 4.1761584460481425, 22.674398973036052, 4.37405791819012, 3.3701642008371433, 8.319666695361692),\n",
       " (2000, 4.534202223774129, 1.1043161285976688, 20.198275051399346, 6.559051721751971, 29.436017551484518, 3.627038708484296, 18.15929336385898, 4.339257445930418, 3.7970968497268305, 8.245450954991835),\n",
       " (2001, 4.363511969708329, 1.5045724512460057, 18.53065938216303, 11.131676798554722, 25.319393660629668, 4.468997960423915, 15.162111222097288, 4.838209170451777, 4.146188305072177, 10.53467907965309),\n",
       " (2002, 4.027138879185666, 1.4481875620278362, 24.27382111802317, 8.925852483120607, 19.83237293122308, 4.877034199340802, 16.769011394011706, 4.613410846301631, 4.197117621158919, 11.036052965606592),\n",
       " (2003, 3.6247755723546113, 1.7910591836986394, 28.93509909096438, 5.808389837127305, 18.326370645118338, 6.060348730864695, 17.187325381774965, 4.268324052677668, 4.002395782118335, 9.995911723301049),\n",
       " (2004, 4.735279033455822, 1.804466605506814, 33.22222879799136, 3.426321208330914, 21.25072474265798, 5.990127091008015, 15.264263256836605, 3.0879469850351806, 3.900214715626648, 7.318427563550663),\n",
       " (2005, 4.048550068496872, 1.748049852408878, 34.074253838217125, 3.9499416778743393, 21.293238018792515, 6.173362710855264, 13.097697871254105, 2.9322699631351345, 4.811671333573754, 7.870964665392018),\n",
       " (2006, 3.808581426007926, 1.6572020729453665, 35.20404577619015, 4.015076325211372, 19.480570196345077, 5.696308183441804, 14.730215938059004, 2.7310986788858047, 4.721225407895634, 7.955675995017876),\n",
       " (2007, 3.470856368305157, 1.5880717166860767, 33.95733725446447, 4.513531326087182, 18.492117147980117, 4.232952384769954, 17.158590075819998, 3.02424502581625, 5.014390730452146, 8.547907969618635),\n",
       " (2008, 3.0329990044538357, 1.5307767300424828, 31.952801494331318, 4.9560156948140675, 21.6383688237897, 4.677332603282252, 15.393710566449343, 3.016918625770662, 5.030508636439927, 8.770567820626427),\n",
       " (2009, 3.880929870586552, 1.8046302475460245, 27.96793560429534, 6.941952459640537, 22.14019157114428, 5.159104666197806, 13.486376632797068, 3.5682538685999527, 5.318249049662138, 9.732376029530297),\n",
